10 20 3
1 2 1000000
1 3 999999
1 4 1000000
1 5 999999
1 6 1000000
1 7 999999
1 8 1000000
1 9 999999
1 10 1000000
2 3 999999
2 4 1000000
2 5 999999
2 6 1000000
2 7 999999
2 8 1000000
2 9 999999
2 10 1000000
3 4 999999
3 5 1000000
3 6 999999
3 7 1000000
3 8 999999
3 9 1000000
3 10 999999
4 5 1000000
4 6 999999
4 7 1000000
4 8 999999
4 9 1000000
4 10 999999
5 6 1000000
5 7 999999
5 8 1000000
5 9 999999
5 10 1000000
6 7 999999
6 8 1000000
6 9 999999
6 10 1000000
7 8 999999
7 9 1000000
7 10 999999
8 9 1000000
8 10 999999
9 10 1000000
